0 236.26
1 236.26
2 236.26
3 236.26
4 236.26
5 236.26
6 236.26
7 236.26
8 236.26
9 236.26
10 236.26
11 236.26
12 236.26
13 236.26
14 236.26
15 236.26
16 236.26
17 236.26
18 236.26
19 236.26
20 236.26
21 236.26
22 236.26
23 236.26
24 236.26
25 236.26
26 236.26
27 236.26
28 236.26
29 236.26
30 236.26
31 236.26
32 236.26
33 236.26
34 236.26
35 236.26
36 236.26
37 236.26
38 236.26
39 236.26
40 236.26
41 236.26
42 236.26
43 236.26
44 236.26
45 236.26
46 236.20
47 236.20
48 236.20
49 236.31
50 236.31
51 236.31
52 165.21
53 160.86
54 154.36
55 152.02
56 150.17
57 147.68
58 147.37
59 146.33
60 146.08
61 146.11
62 146.22
63 146.36
64 146.43
65 146.46
66 146.47
67 146.47
68 146.47
69 146.47
70 146.47
71 146.47
72 146.47
73 146.47
74 146.47
75 146.47
76 146.47
77 146.47
78 146.47
79 146.47
80 146.47
81 146.47
82 146.47
83 146.47
84 146.47
85 146.47
86 146.47
87 146.47
88 146.47
89 146.47
90 146.47
91 146.47
92 146.46
93 146.46
94 146.46
95 146.46
96 146.46
97 146.46
98 146.46
99 146.46
100 146.46
101 146.46
102 146.46
103 146.46
104 146.46
105 146.46
106 146.46
107 146.46
108 146.46
109 146.46
110 146.46
111 146.46
112 146.46
113 146.46
114 146.46
115 146.46
116 146.46
117 146.46
118 146.46
119 146.46
120 146.46
121 146.46
122 146.46
123 146.46
124 146.46
125 146.46
126 146.46
127 146.46
128 146.46
129 146.46
130 146.46
131 146.46
132 146.46
133 146.46
134 146.46
135 146.46
136 146.46
137 146.46
138 146.46
139 146.46
140 146.46
141 146.46
142 146.46
143 146.46
144 146.46
145 146.46
146 146.46
147 146.46
148 146.32
149 146.32
150 146.32
151 146.32
152 146.32
153 146.32
154 146.32
155 146.32
156 146.32
157 146.32
158 146.32
159 146.32
160 146.32
161 146.32
162 146.32
163 146.32
164 146.32
165 146.32
166 146.33
167 146.33
168 146.33
169 146.33
170 146.33
171 146.33
172 146.33
173 146.33
174 146.33
175 146.33
176 146.33
177 146.33
178 146.33
179 146.33
180 146.33
181 146.33
182 146.33
183 146.33
184 146.33
185 146.33
186 146.33
187 146.33
188 146.33
189 146.33
190 146.33
191 146.33
192 146.33
193 146.33
194 146.33
195 146.33
196 146.33
197 146.33
198 146.33
199 146.33
200 146.33
201 146.33
202 146.33
203 146.33
204 146.33
205 146.33
206 146.33
207 146.33
208 146.33
209 146.33
210 146.33
211 146.33
212 146.33
213 146.33
214 146.33
215 146.33
216 146.33
217 146.33
218 146.33
219 146.33
220 146.33
221 146.33
222 146.33
223 146.33
224 146.33
225 146.33
226 146.32
227 146.32
228 146.32
229 146.31
230 146.31
231 146.31
232 146.31
233 146.31
234 146.31
235 146.31
236 146.31
237 146.31
238 146.31
239 146.31
240 146.31
241 146.31
242 146.31
243 146.31
244 146.31
245 146.31
246 146.31
247 146.31
248 146.31
249 146.31
250 146.31
251 146.31
252 146.31
253 146.31
254 146.31
255 146.31
256 146.31
257 146.31
258 146.31
259 146.31
260 146.31
261 146.31
262 146.31
263 146.31
264 146.31
265 146.31
266 146.31
267 146.31
268 146.31
269 146.31
270 146.31
271 146.31
272 146.31
273 146.31
274 146.31
275 146.31
276 146.31
277 146.31
278 146.31
279 146.31
280 146.31
281 146.31
282 146.31
283 146.31
284 146.31
285 146.31
286 146.31
287 146.31
288 146.31
289 146.31
290 146.31
291 146.31
292 146.31
293 146.30